%YAML:1.0
---
P: !!opencv-matrix
   rows: 3
   cols: 4
   dt: d
   data: [ 2.3709140660825065e+02, 0., 1.5164253908797613e+02, 0., 0.,
       2.3071383288662960e+02, 9.2398810782756840e+01, 0., 0., 0., 1.,
       0. ]

