%YAML:1.0
---
P: !!opencv-matrix
   rows: 3
   cols: 4
   dt: d
   data: [ 1.2765679285709668e+02, 4.8297108158647841e+00,
       1.5853105837890169e+02, -1.8508957614042401e+03,
       -1.7954991631422789e+01, 1.5175823252367954e+02,
       1.1442554001847438e+02, -7.6467032459296900e+02,
       -1.4345570259943879e-01, 2.5089256555004848e-02,
       9.8933866324793873e-01, -5.7300514170123202e+00 ]